"deptcode","activitycode","FTEActual_2012","FTEActual_2013","FTEActual_2014","FTEActual_2015","FTEActual_2016","FTEPlanned_2017","FTEPlanned_2018","FTEPlanned_2019","PlannedFTE_1617"
"ACOA","ABH00",181,215,218,208,218,222,222,222,214
"ACOA","ABK00",89,85,95,102,102,101,101,101,101
"ACOA","ABR00",69,62,60,64,67,68,68,68,68
"ACOA","ISC00",249,193,197,199,195,199,199,199,0
"AECB","ATZ00",172,144,146,".",".",".",".",".","."
"AECB","AUA00",164,178,157,".",".",".",".",".","."
"AECB","AUC00",291,263,263,".",".",".",".",".","."
"AECB","DAI00",".",".",".",64,71,68,68,68,80
"AECB","DAJ00",".",".",".",257,261,273,273,273,267
"AECB","DAK00",".",".",".",83,85,88,88,88,83
"AECB","DAL00",".",".",".",38,31,40,40,40,36
"AECB","DAM00",".",".",".",145,128,154,154,154,155
"AECB","ISC00",208,231,222,221,247,234,234,234,229
"AGR","AAA00",375,370,349,361,367,366,366,366,363
"AGR","AAB00",43,36,34,33,32,33,33,33,36
"AGR","AAE00",283,289,".",".",".",".",".",".","."
"AGR","AAG00",404,355,".",".",".",".",".",".","."
"AGR","AAH00",22,23,25,25,24,26,26,26,26
"AGR","AAI00",49,8,".",".",".",".",".",".","."
"AGR","AAJ00",609,411,".",".",".",".",".",".","."
"AGR","AAK00",337,226,".",".",".",".",".",".","."
"AGR","ABF00",60,54,".",".",".",".",".",".","."
"AGR","ABG00",1538,1776,2441,2439,2526,2556,2567,2567,2526
"AGR","ABQ00",32,29,227,203,156,125,66,66,163
"AGR","CMA00",".",".",372,396,400,407,407,407,419
"AGR","ISC00",1910,1499,1149,1056,1089,1140,1140,1140,1167
"ATSSC","CHC00",".",".",93,191,203,253,253,253,220
"ATSSC","CHD00",".",".",33,164,154,174,174,174,181
"ATSSC","CHE00",".",".",67,129,110,118,118,118,110
"ATSSC","ISC00",".",".",45,119,131,159,159,159,132
"CAS","ARW00",183,181,181,185,182,181,181,181,191
"CAS","ARX00",281,276,277,280,290,289,289,289,291
"CAS","ISC00",148,138,138,155,165,162,162,162,160
"CAT","BBB00",8,8,4.7,".",".",".",".",".","."
"CAT","ISC00",3,3,1.7,".",".",".",".",".","."
"CB","AOJ00",11,14,14,16,14,15,15,15,15
"CB","ISC00",3,2,2,2,2,3,3,3,3
"CBSA","AWZ00",1201,1315,1149,1183,1239,1198,1167,1167,1085
"CBSA","AXB00",6360,7005,7297,7449,7240,7427,7403,7399,7687
"CBSA","AXE00",397,491,397,411,419,397,397,397,363
"CBSA","AXI00",875,950,715,766,763,667,668,668,835
"CBSA","AXJ00",112,122,108,110,102,111,111,111,113
"CBSA","HGB00",273,298,283,259,287,303,303,303,338
"CBSA","HGC00",934,990,981,1088,1079,993,1067,1062,1091
"CBSA","ISC00",4490,2724,2838,2508,2411,2543,2534,2533,2053
"CCMD","BIB00",288,297,321,".",".",".",".",".","."
"CCMD","BIC00",60,55,46,".",".",".",".",".","."
"CCMD","BID00",62,48,62,".",".",".",".",".","."
"CCMD","DAS00",".",".",".",474,428,410,378,378,477
"CCMD","ISC00",281,222,222,210,153,187,182,182,163
"CCOHS","AMH00",63,61,61,65,65,68,71,73,73
"CCOHS","ISC00",18,19,20,20,18,21,22,23,23
"CCRA","ABW00",1694,1732,1868,1671,1748,".",".",".",1646
"CCRA","ABX00",6535,6488,6209,5967,4330,".",".",".",4519
"CCRA","ABY00",1349,1300,1253,1287,1299,".",".",".",1545
"CCRA","ABZ00",4057,3976,3948,3924,4160,".",".",".",3665
"CCRA","ACB00",7619,7589,7705,7653,9659,".",".",".",9461
"CCRA","ACC00",10200,9761,9790,9766,9632,".",".",".",9663
"CCRA","ACD00",26,23,23,21,25,".",".",".",31
"CCRA","BRA01",".",".",".",".",".",6841,6675,6521,"."
"CCRA","BRA02",".",".",".",".",".",4711,4652,4798,"."
"CCRA","BRA03",".",".",".",".",".",5408,5560,5800,"."
"CCRA","BRA04",".",".",".",".",".",6776,6698,6690,"."
"CCRA","BRA05",".",".",".",".",".",2948,2900,2890,"."
"CCRA","BRA06",".",".",".",".",".",1435,1456,1458,"."
"CCRA","BRA07",".",".",".",".",".",248,257,257,"."
"CCRA","BRA08",".",".",".",".",".",86,84,85,"."
"CCRA","BRA09",".",".",".",".",".",397,393,355,"."
"CCRA","BRA10",".",".",".",".",".",162,162,162,"."
"CCRA","BRA11",".",".",".",".",".",1092,1097,1093,"."
"CCRA","BRB01",".",".",".",".",".",1592,1586,1550,"."
"CCRA","BRC01",".",".",".",".",".",31,31,31,"."
"CCRA","ISC00",8041,7860,7765,7688,7875,".",".",".",7348
"CCRA","ISS01",".",".",".",".",".",1014,989,981,"."
"CCRA","ISS02",".",".",".",".",".",413,412,424,"."
"CCRA","ISS03",".",".",".",".",".",50,49,49,"."
"CCRA","ISS04",".",".",".",".",".",1115,1116,1120,"."
"CCRA","ISS05",".",".",".",".",".",677,671,660,"."
"CCRA","ISS06",".",".",".",".",".",404,404,404,"."
"CCRA","ISS07",".",".",".",".",".",3320,3141,3029,"."
"CCRA","ISS08",".",".",".",".",".",193,193,193,"."
"CCRA","ISS09",".",".",".",".",".",372,362,362,"."
"CCRA","ISS0Z",".",".",".",".",".",107,107,107,"."
"CEAA","AGG00",124,133,129,125,164,150,150,150,142
"CEAA","AGH00",38,40,40,41,59,40,39,39,42
"CEAA","ISC00",59,60,64,70,42,72,72,70,"."
"CEO","HGG00",204,212,309,444,262,257,229,220,216
"CEO","HGI00",74,75,70,81,87,75,71,71,82
"CEO","HGJ00",66,57,57,68,71,67,67,67,67
"CEO","ISC00",142,129,120,131,143,152,148,152,122
"CFGB","ATA00",27,25.8,25.96,29.3,29,35,35,35,32
"CFGB","ISC00",11,13.2,14,14,12,11,11,11,14
"CFIA","AAQ00",3216,3296,3250,3155,3220,2890,2732,2627,3116
"CFIA","AJY00",1118,1074,1012,959,975,942,929,760,1023
"CFIA","AJZ00",849,809,737,703,695,688,678,678,756
"CFIA","HGA00",338,343,335,307,295,310,277,256,343
"CFIA","ISC00",925,856,804,777,916,861,853,835,749
"CGC","AAW00",71,44,59,45,48,43,43,43,47
"CGC","AAZ00",342,250,199,215,219,211,211,211,219
"CGC","ABB00",114,44,14,14,16,15,15,15,15
"CGC","ABD00",31,28,23,30,33,31,31,31,31
"CGC","ISC00",97,89,100,91,110,104,104,104,92
"CH","ACR00",133.1,128.3,121.4,109.9,95.4,99,99,94,108.1
"CH","ACS00",117.6,115.3,124.1,128.27,136.6,151,136,128,122.7
"CH","ACU00",268.9,248.8,237.8,233.4,238,247,235,231,226.7
"CH","ADA00",202.9,176.7,144.2,127.75,121,115,115,114,123.8
"CH","ADB00",123.5,141,183.6,207.6,208.6,229,184,182,203.5
"CH","ADM00",116.9,103.9,104.6,126.5,128.7,168,134,118,116
"CH","ADN00",171.3,149.7,144.6,151.6,146.5,149,139,136,150.3
"CH","AFQ00",".",".",".",10,22.1,".",".",".",0
"CH","ISC00",652.8,648.9,652.5,649,643.6,643,643,640,657.7
"CHRC","ARG00",34,31,30,".",".",".",".",".","."
"CHRC","ARH00",75,74,74,".",".",".",".",".","."
"CHRC","BHZ00",28,28,21,".",".",".",".",".","."
"CHRC","BSA01",".",".",".",".",".",34,34,34,"."
"CHRC","BSB01",".",".",".",".",".",74,74,74,"."
"CHRC","BSC01",".",".",".",".",".",10,10,10,"."
"CHRC","DAR00",".",".",".",117,113,".",".",".",125
"CHRC","ISC00",65,65,64,70,67,".",".",".",69
"CHRC","ISS00",".",".",".",".",".",73,73,73,"."
"CHRT","ARJ00",9,12,7.58,".",".",".",".",".","."
"CHRT","ISC00",9,8,6.71,".",".",".",".",".","."
"CI","AFP00",496,467,438,415,588,415,408,405,433
"CI","AFV00",91,69,53,70,79,73,73,73,80
"CI","AFW00",609,728,819,887,1007,866,902,872,946
"CI","AJO00",".",549,".",".",".",".",".",".","."
"CI","COA00",".",".",585,674,619,643,633,393,632
"CI","ISC00",1648,1629,1530,1428,1576,1522,1537,1537,1473
"CI","LJI00",303,384,507,491,457,444,435,436,453
"CI","LJV00",239,297,339,376,335,321,321,322,408
"CI","LJW00",361,308,339,475,417,321,257,258,300
"CI","LJX00",302,278,315,319,356,350,316,316,368
"CI","LJY00",562,722,1029,1000,844,758,750,750,774
"CI","LJZ00",12,23,29,33,33,36,35,35,34
"CI","X0001",34,29,28,23,".",".",".",".",40
"CICS","AVS00",19,19,18,22,23,25,25,25,23
"CICS","ISC00",10,11,9,9,8,7,7,7,9
"CIDA","BHP00",318,".",".",".",".",".",".",".","."
"CIDA","BHQ00",116,".",".",".",".",".",".",".","."
"CIDA","BHR00",159,".",".",".",".",".",".",".","."
"CIDA","BHS00",181,".",".",".",".",".",".",".","."
"CIDA","BHT00",129,".",".",".",".",".",".",".","."
"CIDA","ISC00",739,".",".",".",".",".",".",".","."
"CIHR","BDW00",109,114,254,208,117,125,120,122,104
"CIHR","BDX00",15,14,142,113,110,122,123,123,104
"CIHR","BDY00",7,6,".",".",".",".",".",".","."
"CIHR","BDZ00",86,85,".",".",".",".",".",".","."
"CIHR","ISC00",187,180,23,82,198,209,209,203,194
"CIRB","ALJ00",65.4,64.6,38,".",".",".",".",".","."
"CIRB","ISC00",26.2,27.5,14,".",".",".",".",".","."
"CITT","AHJ00",55,59,31,".",".",".",".",".","."
"CITT","AHK00",1,1,0.5,".",".",".",".",".","."
"CITT","ISC00",19,20,10,".",".",".",".",".","."
"CNEDA","BMH00",14,16,".",".",".",".",".",".","."
"CNEDA","BMI00",14,15,".",".",".",".",".",".","."
"CNEDA","BMJ00",15,22,".",".",".",".",".",".","."
"CNEDA","CLA00",".",".",30,26,29,28,14,14,"."
"CNEDA","CLB00",".",".",25,26,26,26,26,26,"."
"CNEDA","ISC00",27,25,28,28,27,26,26,26,"."
"CPCC","AMW00",4,9.5,10,11,".",".",".",".","."
"CPCC","DAT00",".",".",".",14,15,22,25,25,22
"CPCC","DAU00",".",".",".",6,14,14,14,14,19
"CPCC","ISC00",2,1.5,3,8,14,16,18,18,10
"CRTC","ACY00",145,".",".",".",".",".",".",".","."
"CRTC","ACZ00",142,".",".",".",".",".",".",".","."
"CRTC","CAA00",".",145,115,118,115,112,112,112,115
"CRTC","CAB00",".",164,135,139,133,147,147,147,148
"CRTC","CPA00",".",".",76,80,83,83,83,83,83
"CRTC","ISC00",145,125,119,113,129,133,133,133,119
"CSA","ANW00",108.4,94.9,89.5,87.2,105.9,103,108,111,91.6
"CSA","ANX00",95.4,104,103.8,102.6,104.6,115,111,107,103.1
"CSA","ANY00",176.8,171.9,164.4,154.8,151.1,153,148,148,160.6
"CSA","ISC00",262.8,249.9,235.2,246.8,252.4,264,267,270,263.7
"CSC","BER00",11000,10896,10791,10603,10432.97,10566,10566,10566,10718.6
"CSC","BES00",4573,4614,4388,4030,4057.41,4060,4060,4060,4026.95
"CSC","BET00",203,209,192,220,225.45,218,218,218,221.93
"CSC","ISC00",3033,2911,2787,2613,2505.29,2540,2540,2540,2627.46
"CT","AOD00",6,3.25,3.5,".",".",".",".",".","."
"CT","ISC00",2.5,2,1.2,".",".",".",".",".","."
"CTA","BAN00",108,94,93,91,90,98,98,98,98
"CTA","BAO00",67,67,71,74,72,66,66,66,75
"CTA","ISC00",65,59,57,64,58,62,61,61,57
"CTAIB","AVX00",91,90,87,90,89,".",".",".",89
"CTAIB","AVY00",39,34,36,35,36,".",".",".",37
"CTAIB","AVZ00",4,2,2,2,3,".",".",".",3
"CTAIB","AWC00",35,38,39,37,40,".",".",".",40
"CTAIB","BWA01",".",".",".",".",".",88,88,88,"."
"CTAIB","BWA02",".",".",".",".",".",37,37,37,"."
"CTAIB","BWA03",".",".",".",".",".",42,42,42,"."
"CTAIB","BWA04",".",".",".",".",".",2,2,2,"."
"CTAIB","ISC00",49,43,44,45,46,".",".",".",51
"CTAIB","ISS00",".",".",".",".",".",51,51,51,"."
"EA","AJG00",1866,1620,1548,1644,1636,1663,1663,1657,1649
"EA","AJK00",4335,4083,4049,4287,4294,4147,4147,4145,4151
"EA","AJL00",446,354,433,371,420,433,433,433,433
"EA","AJO00",2488,".",".",".",".",".",".",".","."
"EA","AJP00",626,860,854,816,809,832,832,832,830
"EA","AJQ00",1285,1291,1241,1311,1338,1364,1364,1364,1359
"EA","AJR00",53,54,54,53,49,56,56,56,55
"EA","BHP00",".",286,".",".",".",".",".",".","."
"EA","BHQ00",".",103,".",".",".",".",".",".","."
"EA","BHR00",".",141,".",".",".",".",".",".","."
"EA","BHS00",".",194,".",".",".",".",".",".","."
"EA","BHT00",".",113,".",".",".",".",".",".","."
"EA","DAN00",".",".",".",137,157,168,168,166,156
"EA","DAP00",".",".",".",696,848,892,892,886,882
"EA","DAQ00",".",".",".",40,69,70,70,69,69
"EA","ISC00",1284,1984,1797,1533,1382,1534,1534,1533,"."
"EC","AGL00",531,562,600,600,614,546,498,480,539
"EC","AGM00",783,748,701,694,602,598,590,581,571
"EC","AGR00",1014,1038,1086,1108,1097,1072,1018,993,1060
"EC","AGS00",578,586,618,632,625,629,584,570,613
"EC","BDJ00",416,393,409,351,332,371,365,361,388
"EC","BDK00",329,324,359,371,416,422,407,397,436
"EC","BDO00",346,352,363,336,340,353,294,289,276
"EC","BIA00",661,681,705,670,727,813,496,495,309
"EC","BKF00",133,140,133,131,139,128,126,123,125
"EC","ISC00",1494,1483,1487,1429,1433,1443,1382,1360,"."
"ERC","BEN00",7,8,6,8,8,8,8,8,8
"FEDSO","BMF00",38.2,43,35,36,40,40,38,0,50
"FEDSO","BMR00",42.7,23,16,21,19,19,15,0,19
"FEDSO","HGL00",24.8,33,58,56,55,51,51,0,51
"FEDSO","ISC00",119.8,133,115,124,112,112,106,0,112
"FIN","BLH00",485,467,453,437,440,464,464,464,450
"FIN","BLI00",24,28,26,29,28,28,28,28,28
"FIN","BLJ01",0,0,0,0,5,5,5,5,5
"FIN","BLJ02",0,0,0,0,5,5,5,5,5
"FIN","BLJ06",0,0,0,0,0,0,0,0,0
"FIN","BLJ09",0,0,0,0,1,0,0,0,1
"FIN","BLJ11",0,0,0,0,1,1,1,1,1
"FIN","ISC00",270,286,286,271,254,232,232,232,249
"FJA","ARP00",10,11,10,10,10,10,10,10,10
"FJA","ARR00",44,43,47.5,47.5,47.5,51,51,51,50.5
"FJA","ARS00",0,0,0,0,0,0,0,0,0
"FJA","ISC00",8,8,5.5,5.5,5.5,6,6,6,5.5
"FO","AIP00",468,339,365.5,388.1,403.2,434,433,435,406.7
"FO","AIV00",165,164,161.8,173.4,184.1,189,164,164,180
"FO","AIW00",151,158,147.5,134.3,133.6,133,118,118,129.4
"FO","CGA00",".",15,15.3,12.9,10.4,8,0,0,0
"FO","HAA00",818,982,984.3,956.7,992.5,927,1022,1025,933.8
"FO","HAB00",263,262,276.2,305.1,354.9,336,338,332,287.3
"FO","HGM00",238,".",".",".",".",".",".",".","."
"FO","HGN00",129,117,105.3,107.1,107.1,105,105,105,119.9
"FO","HGO00",226,185,222.3,188.8,189.8,204,195,195,198.1
"FO","HGP00",53,50,47.5,48.2,52.2,51,51,51,53.5
"FO","HGQ00",22,21,18.1,26.3,19.3,23,23,23,23.3
"FO","HGR00",63,56,45.1,52.7,50.8,44,43,43,45.7
"FO","HGS00",241,220,222,220.6,257.2,247,228,228,261
"FO","HGW00",12,14,7.4,8,9.5,10,10,10,11.8
"FO","HGX00",676,699,680.3,662.9,686.7,738,743,741,737.9
"FO","HGY00",208,204,203.7,201.5,202.1,199,199,199,199.1
"FO","ISC00",1826,1742,1652.6,1685.5,1674.8,1791,1768,1768,1735.2
"FO","LJA00",79,79,74.7,83.5,99.9,93,93,93,112
"FO","LJB00",75,77,".",".",".",".",".",".","."
"FO","LJC00",148,129,127.7,123.2,144.8,150,150,150,139
"FO","LJD00",434,384,362,330.1,326.7,348,348,348,349
"FO","LJE00",43,44,48.1,45.5,47.3,60,60,60,66
"FO","LJF00",2743,2712,2788.8,2740.2,2933.4,2823,2823,2823,2749.5
"FO","LJG00",819,808,744.3,742.6,623.3,743,692,692,719
"FO","LJH00",265,254,243.9,243.8,270,290,290,290,284
"FO","LJK00",253,240,228.1,233.3,235.2,254,255,259,256
"FO","LJL00",133,113,102,97.7,95.3,105,105,104,97.1
"FORDQ","BNI00",128,130,121,134,122,121,139,139,124
"FORDQ","BNJ00",12,12,20,16,21,20,30,30,21
"FORDQ","BNK00",51,52,47,37,47,51,20,20,46
"FORDQ","ISC00",141,138,127,128,140,134,132,132,132
"FTRAC","BNG00",148,145,140,136,152,157,157,148,150
"FTRAC","BNH00",158,145,144,150,150,151,152,147,161
"FTRAC","ISC00",53,53,53,53,51,51,51,51,53
"GSC","AZA00",1772,1796,1694,1712.34,1617.47,1551,1542,1542,1491.05
"GSC","AZN00",1314,1402,1607,1773,2088.71,2022,2022,2022,1559.08
"GSC","BEQ00",3570,3531,3408.33,3410.4,3507.19,3509,3100,3040,3577.04
"GSC","BEU00",406,461,328,319,308,307,307,307,289.04
"GSC","BEW00",1529,1397,1263.77,1197,1149.51,1115,0,0,1124.65
"GSC","BEX00",614,648,481,479.65,642.63,609,620,622,572.91
"GSC","BEY00",28,23,25.02,25.14,23.37,23,23,23,26.5
"GSC","CUA00",".",".",362.78,354,358.14,398,382,382,368.4
"GSC","ISC00",2446,2285.27,2469.33,2474.62,2610.71,2802,2810,2812,2700.4
"H","AKR00",687,639,588,561,553,720,683,682,597
"H","AKS00",430,407,416,428,434,489,464,464,461
"H","AKU00",1593,1441,1361,1337,1363,1436,1346,1321,1352
"H","AKZ00",431,431,409,476,522,415,415,404,394
"H","ALA00",211,185,181,179,178,255,255,255,260
"H","BLZ00",239,".",".",".",".",".",".",".","."
"H","BMA00",155,126,182,175,177,238,238,238,238
"H","BMD00",1899,1867,1764,1763,1733,1974,1983,1989,1922
"H","BME00",515,513,502,500,500,602,598,591,592
"H","CFA00",".",282,295,290,289,305,305,305,295
"H","ISC00",2462,2322,2216,2171,2243.3,1968,1917,1907,1994
"H","LJR00",7,7,8,7,8,10,10,10,10
"H","LJS00",163,186,195,192,180,202,184,184,184
"H","LJT00",506,492,449,473,489,460,460,460,385
"H","LJU00",227,262,190,188,183,187,170,170,229
"HRSD","AMP00",644,586,586,645,647,638,638,638,641
"HRSD","AMQ00",361,331,342,323,324,348,348,348,348
"HRSD","AMR00",3087,4303,4293,".",".",".",".",".","."
"HRSD","BJJ00",1792,1542,1567,9053,9722,9120,8434,8291,8872
"HRSD","BJK00",321,173,211,4381,4801,4506,4569,3638,3753
"HRSD","BJN00",9073,9057,9219,".",".",".",".",".","."
"HRSD","BKC00",466,389,356,289,309,364,347,240,337
"HRSD","DAA00",".",".",".",399,330,389,389,389,410
"HRSD","DAB00",".",".",".",1977,1849,2238,12,12,2356
"HRSD","ISC00",4475,3832,3885,3943,3843,4218,4049,4080,4164
"INAC","AFA00",".",".",".",".",0,0,0,0,0
"INAC","ANA00",439.1,400.9,".",".",".",".",".",".","."
"INAC","ANC00",248.5,239.8,251.4,244,363,450,249,249,189
"INAC","AND00",368.9,338.6,".",".",".",".",".",".","."
"INAC","ANG00",276.7,267.8,271.9,272,292,300,300,300,279
"INAC","ANL00",462.3,441.6,429.3,407,399,409,406,406,419
"INAC","ANM00",259.7,256.6,233.5,238,258,259,259,259,254
"INAC","ANO00",69.3,67.6,70.3,65,83,88,79,79,62
"INAC","ANP00",354.6,345.8,235.6,226,239,230,230,230,147
"INAC","ANQ00",138,123.4,".",".",".",".",".",".","."
"INAC","ANR00",130.1,137.2,144.1,144,150,159,161,157,147
"INAC","BHU00",76.4,66.9,".",".",".",".",".",".","."
"INAC","BHW00",42.8,".",".",".",".",".",".",".","."
"INAC","BHX00",13.9,".",".",".",".",".",".",".","."
"INAC","BHY00",7.3,".",".",".",".",".",".",".","."
"INAC","CEA00",".",36.8,18.2,13,13,13,13,13,13
"INAC","CKA00",".",".",361.7,364,376,254,254,253,234
"INAC","CKB00",".",".",80.1,80,87,86,71,71,80
"INAC","CKC00",".",".",42.2,34,29,30,30,30,35
"INAC","CKD00",".",".",401,434,438,456,437,437,439
"INAC","CKE00",".",".",79.7,72,68,70,70,70,68
"INAC","HGH00",504.8,521,520.6,458,333,260,66,2,40
"INAC","HGV00",43.3,40.7,52.4,42,39,45,33,33,37
"INAC","ISC00",1561.6,1416.4,1456.8,1431,1476,1518,1491,1482,1434
"IPC","ASN00",79,90,91,89,88,87,87,87,81
"IPC","ASO00",64,65,67,61,61,71,71,71,71
"IPC","ASR00",19,15,18,16,16,21,21,21,21
"IPC","AST00",23,20,17,20,20,25,25,25,29
"IPC","ISC01",52,52,50,50,0,48,48,48,50
"IPC","ISC02",25,24,23,19,22,22,22,22,22
"IRB","AFR00",79,89,79,86,87,90,90,90,90
"IRB","AFT00",113,109,115,120,130,125,125,125,125
"IRB","AFU00",573,512,485,402,407,452,452,452,405
"IRB","HAC00",22,62,69,84,91,171,180,180,120
"IRB","ISC00",258,225,222,242,261,250,250,250,245
"ISC","AOT00",301,227,".",".",".",".",".",".","."
"ISC","AOU00",370,361,".",".",".",".",".",".","."
"ISC","AOW00",244,215,222,235,220,210,212,212,225
"ISC","AOX00",79,74,72,73,48,50,51,51,77
"ISC","AOY00",20,21,".",".",".",".",".",".","."
"ISC","AOZ00",117,104,117,120,109,114,112,112,114
"ISC","APA00",1685,1713,1699,1730,1744,1801,1807,1807,1779
"ISC","APD00",77,75,70,68,100,98,95,88,65
"ISC","APG00",657,637,800,806,701,715,711,702,801
"ISC","APJ00",116,109,103,99,123,119,119,119,95
"ISC","CRA00",".",".",384,379,347,351,351,351,384
"ISC","ISC00",1173,1152,1201,1203,1410,1417,1417,1417,1172
"JUS","ASA00",9,9,9,9,8.8,9,9,9,9.6
"JUS","ASB00",316,276,253,255,256,254,254,254,258.1
"JUS","ASE00",3334,3144,3079,3023,3095.8,3089,3089,3089,3039
"JUS","ISC00",1119,1080,1058,1050,950,948,948,948,1003.6
"LAC","BHB00",33,26,36,28,41,39,39,39,25
"LAC","BHC00",103,125,125,143,113,112,112,112,142
"LAC","BHD00",298,329,360,311,328,340,340,340,275
"LAC","ISC00",231,170,181,224,212,241,241,241,223
"LAC","LJN00",139,85,77,59,44,44,44,44,67
"LAC","LJO00",157,150,172,148,165,131,131,131,142
"MPCC","BDV00",10,7,11,10,10,12,12,12,11
"MPCC","ISC00",11,8,15,15,16,19,19,19,19
"NBC","ADR00",21.5,22.25,22.5,22.5,22,22,22,22,22
"NBC","ADS00",16.5,16.25,18.5,18.25,20,19,19,19,19
"NBC","ISC00",20,20.5,18,18.75,17,18,18,18,"."
"ND","ATT00",1572,1452,".",".",".",".",".",".","."
"ND","ATU00",15530,9003,".",".",".",".",".",".","."
"ND","ATW00",1872,2130,".",".",".",".",".",".","."
"ND","AUG00",144,143,".",".",".",".",".",".","."
"ND","AUN00",12431,12820,".",".",".",".",".",".","."
"ND","AUO00",21084,21095,".",".",".",".",".",".","."
"ND","AUR00",10056,10613,".",".",".",".",".",".","."
"ND","AUS00",12274,13437,".",".",".",".",".",".","."
"ND","AUW00",2191,2331,".",".",".",".",".",".","."
"ND","AUX00",946,1053,".",".",".",".",".",".","."
"ND","AUY00",673,860,".",".",".",".",".",".","."
"ND","AUZ00",5215,5497,".",".",".",".",".",".","."
"ND","AVI00",3408,3913,".",".",".",".",".",".","."
"ND","AVJ00",618,680,".",".",".",".",".",".","."
"ND","AVM00",183,180,".",".",".",".",".",".","."
"ND","AVR00",30,0,".",".",".",".",".",".","."
"ND","CQA00",".",".",6639,6473,6418,7763,7868,7880,6799
"ND","CQB00",".",".",1619,1718,1490,1722,1744,1747,1685
"ND","CQC00",".",".",27084,27242,27299,28029,28413,28455,28486
"ND","CQD00",".",".",47663,47336,48455,48053,48549,48607,50517
"ND","CQE00",".",".",2169,2065,2041,2448,2465,2466,2228
"ND","ISC00",5101,5765,2967,3198,2870,3115,3129,3130,2690
"NEB","AUD00",242.4,279.2,292.3,251.5,276.7,".",".",".",294.2
"NEB","AUF00",38.1,41.3,46.2,48.1,37.3,".",".",".",42.4
"NEB","BTA01",".",".",".",".",".",117,116,116,"."
"NEB","BTA02",".",".",".",".",".",4,4,4,"."
"NEB","BTB01",".",".",".",".",".",87,87,87,"."
"NEB","BTB02",".",".",".",".",".",23,23,23,"."
"NEB","BTB03",".",".",".",".",".",12,12,12,"."
"NEB","BTB04",".",".",".",".",".",20,20,20,"."
"NEB","BTC01",".",".",".",".",".",35,35,35,"."
"NEB","BTC02",".",".",".",".",".",6,6,6,"."
"NEB","BTD01",".",".",".",".",".",12,10,10,"."
"NEB","BTD02",".",".",".",".",".",4,4,4,"."
"NEB","ISC00",117.7,104.8,102.1,157.9,160.5,".",".",".",158.8
"NEB","ISS00",".",".",".",".",".",134,128,128,"."
"NFB","AEA00",241,242,194,197,164,192,192,192,191
"NFB","BLT00",109,109,144,126,168,126,126,126,150
"NFB","ISC00",53,53,52,51,64,51,51,51,51
"NPA","AUP00",12,8,3,2,1,4,4,4,4
"NPB","AXV00",311,325,325,322,321,".",".",".",326
"NPB","AXW00",56,53,54,42,44,".",".",".",44
"NPB","AXY00",58,79,69,52,59,".",".",".",65
"NPB","BUA01",".",".",".",".",".",335,335,335,"."
"NPB","BUB01",".",".",".",".",".",40,40,40,"."
"NPB","BUC01",".",".",".",".",".",40,40,40,"."
"NPB","ISC00",43,48,47,59,56,".",".",".",60
"NPB","ISS00",".",".",".",".",".",60,60,60,"."
"NR","BMT00",230,255,250,254,277,267,242,235,243
"NR","BMU00",280,303,296,313,328,289,255,252,296
"NR","BMV00",467,427,398,399,422,395,394,391,378
"NR","BMW00",0,0,0,0,0,0,0,0,0
"NR","BMX00",296,289,278,264,265,252,162,163,101
"NR","BMY00",647,631,635,665,653,646,539,541,516
"NR","BMZ00",276,235,247,244,223,186,184,185,242
"NR","BNA00",452,469,478,474,435,414,404,403,427
"NR","BNB00",471,394,385,383,387,386,378,377,408
"NR","ISC00",1105,1029,946,940,906,922,882,888,939
"NRC","APX00",267,".",".",".",".",".",".",".","."
"NRC","APY00",260,259.2,269.9,277.2,291.1,291,295,295,278.4
"NRC","APZ00",115,".",".",".",".",".",".",".","."
"NRC","BMK00",896,".",".",".",".",".",".",".","."
"NRC","BML00",370,".",".",".",".",".",".",".","."
"NRC","BMM00",328,338.9,356.9,356,0,411,409,409,410
"NRC","BMN00",624,".",".",".",".",".",".",".","."
"NRC","CTA00",".",".",1999.6,2055.4,2186.7,1831,1875,1850,2088.3
"NRC","ISC00",879,931.6,950.7,980,1023.4,1005,1005,1005,972.3
"NSERC","APO00",10,".",".",".",".",".",".",".","."
"NSERC","APP00",1,".",".",".",".",".",".",".","."
"NSERC","APQ00",53,".",".",".",".",".",".",".","."
"NSERC","APR00",23,".",".",".",".",".",".",".","."
"NSERC","APS00",72,".",".",".",".",".",".",".","."
"NSERC","APU00",1,".",".",".",".",".",".",".","."
"NSERC","APV00",21,".",".",".",".",".",".",".","."
"NSERC","APW00",28,".",".",".",".",".",".",".","."
"NSERC","CBA00",".",37,35,43,44,45,45,45,36
"NSERC","CBB00",".",54,55,82,85,89,89,89,62
"NSERC","CBC00",".",121,119,147,146,150,150,150,132
"NSERC","ISC00",171,175,174,131,137,133,133,133,164
"OAG","AHF00",603,573,547,546,555,560,560,560,0
"OCI","AYD00",29,31,31,31,32,32,32,32,31
"OCI","ISC00",5,5,5,5,4,4,4,4,"."
"OCOL","AWF00",57,62,65,64,63,64,64,64,61
"OCOL","AWG00",54,58,55,53,54,57,57,57,53
"OCOL","ISC00",49,47,46,44,41,42,42,42,46
"OCSEC","ATG00",6,8.5,7.5,8.5,8.5,9,9,9,8.5
"OCSEC","ISC00",2,3,3,3,3,3,3,3,3
"ODPP","BIT00",169,167,158,153,177,155,155,155,160
"ODPP","BJF00",665,673,677,687,667,700,705,705,691
"ODPP","DAG00",".",".",6,12,12,22,22,22,12
"ODPP","DAH00",".",".",4,8,8,".",".",".",8
"ODPP","ISC00",115,126,117,112,116,118,118,118,119
"OICC","BJH00",2,3,2,3,3,1,1,1,1
"OICC","BJQ00",16,14,18,22,15,22,23,23,23
"OICC","BKM00",16,11,".",".",".",".",".",".","."
"OICC","BKN00",44,34,".",".",".",".",".",".","."
"OICC","BKO00",18,14,".",".",".",".",".",".","."
"OICC","BKP00",12,9,".",".",".",".",".",".","."
"OICC","BKQ00",9,7,".",".",".",".",".",".","."
"OICC","BKR00",3,1,".",".",".",".",".",".","."
"OICC","BKS00",0,0,".",".",".",".",".",".","."
"OICC","CSA00",".",".",24,27,34,46,51,23,24
"OICC","CSB00",".",".",57,68,75,84,81,73,72
"OICC","CSC00",".",".",25,32,17,15,15,10,16
"OICC","CSD00",".",".",37,44,47,89,89,3,74
"OICC","ISC00",200,192,170,161.1,194,158,155,157,171
"OPSIC","BLB00",24,23,18,19,20,23,23,23,23
"OPSIC","ISC00",8,7,8,7,6,7,7,7,7
"ORL","BIO00",7,7,7,7,7,".",".",".",7
"ORL","BIP00",6,6,7,7,7,".",".",".",7
"ORL","BIQ00",8,7,8,".",".",".",".",".","."
"ORL","BVA01",".",".",".",".",".",7,7,7,"."
"ORL","BVA02",".",".",".",".",".",7,7,7,"."
"ORL","BVA03",".",".",".",".",".",8,8,8,"."
"ORL","DAF00",".",".",".",8,8,".",".",".",8
"ORL","ISC00",6,7,6,6,6,".",".",".",6
"ORL","ISS00",".",".",".",".",".",6,6,6,"."
"OSFI","AIG00",30,32,32,33,32,36,36,36,37
"OSFI","AIH00",390,416,428,418,417,421,421,424,433
"OSFI","AII00",28,28,26,26,26,25,25,25,26
"OSFI","ISC00",188,190,201,189,197,193,192,194,188
"PCA","AGV00",951,879,875,873,49,920,913,913,874
"PCA","AGW00",65,57,60,50,945,39,39,39,33
"PCA","AGZ00",349,327,355,335,370,349,348,348,367
"PCA","AHA00",1812,1923,2070,2064,2219,2210,2151,2147,1927
"PCA","AHC00",255,236,293,291,324,318,317,318,300
"PCA","ISC00",492,517,571,1030,1107,1073,1072,1072,958
"PCC","AYX00",31,33,41,45,43,45,45,45,44
"PCC","ISC00",28,22,18,22,19,22,22,22,"."
"PCO","BEB00",511,486,484,461,524,540,539,540,518
"PCO","BEF00",17,15,17,28,33,31,31,24,31
"PCO","BEI00",7,".",".",0,12,65,43,0,0
"PCO","BLG00",106,104,102,104,102,115,114,114,108
"PCO","ISC00",307,298,281,279,275,295,295,295,297
"PHAC","CIA00",".",714,717,704.3,743,735,729,728,723
"PHAC","CIB00",".",850,845,867.1,794,829,828,827,849
"PHAC","CIC00",".",269,275,299.9,313,312,311,311,315
"PHAC","ISC00",353,274,265,271.4,276,597,595,595,611
"PMPRB","ALD00",7.8,7.2,9.2,12.8,13.3,13,13,13,12
"PMPRB","ALE00",30.3,25.9,24.7,31.1,31.1,33,33,33,40
"PMPRB","ISC00",22.3,22.3,22.3,18.6,19.3,20,20,20,19
"PSC","AEJ00",137,138,114,106,92,107,105,104,121
"PSC","AEL00",356,272,260,261,281,345,343,339,343
"PSC","BHE00",160,139,136,127,115,130,129,127,136
"PSC","ISC00",228,211,194,208,225,259,257,254,229
"PSEP","AYJ00",155,164,175,166,192,229,238,237,205
"PSEP","AYK00",237,201,192,214,262,253,253,253,251
"PSEP","BLE00",30,29,26,29,31,24,24,24,26
"PSEP","ISC00",434,436,360,391,411,410,412,411,"."
"PSEP","LJP00",239,228,201,204,227,224,224,224,225
"PSSRB","AEO00",61,62,29.5,".",".",".",".",".","."
"PSSRB","ISC00",29,28,14.9,".",".",".",".",".","."
"PSST","AES00",27,24,12,".",".",".",".",".","."
"PSST","ISC00",9,7,4.7,".",".",".",".",".","."
"RCMP","AYO00",22162,21550,21501,22035,22129,22470,22563,22534,22197
"RCMP","AYR00",2074,1885,1818,1366,1319,1409,1413,1413,1364
"RCMP","HGD00",235,232,195,179,174,158,158,158,200
"RCMP","HGE00",89,97,88,90,89,96,96,96,93
"RCMP","HGF00",0,0,0,0,0,0,0,0,0
"RCMP","ISC00",5109,5146,5184,5343,5463,5388,5409,5409,5309
"RPSDP","BKA00",8,7,3.6,".",".",".",".",".","."
"RSCT","ADP00",7.4,7.5,4.8,".",".",".",".",".","."
"RSCT","ISC00",3.8,4.4,2.1,".",".",".",".",".","."
"SC","AQL00",".",512,576,1087,1444,491,79,4,1754
"SC","AQM00",1816,1192,1226,1384,1435,1376,1373,1372,1375
"SC","AQN00",1204,695,706,1136,1141,1096,1090,1112,1147
"SC","AQO00",754,".",".",".",".",".",".",".","."
"SC","AQR00",".",1069,1117,954,765,888,873,865,989
"SC","AQT00",".",584,562,1013,1044,0,0,0,0
"SC","ISC00",950,537,571,586,653,591,587,589,519
"SCC","ASW00",144,142,137,136,137,148,148,148,146
"SCC","HGK00",0,0,0,0,0,0,0,0,0
"SCC","ISC00",69,68,67,65,67,69,69,69,68
"SHARE","BFS00",".",".",".",".",".",304,304,304,"."
"SHARE","BFT00",".",".",".",".",".",1750,1750,1750,"."
"SHARE","BFU00",".",".",".",".",".",1533,1533,1533,"."
"SHARE","BFV00",".",".",".",".",".",556,556,556,"."
"SHARE","BFW00",".",".",".",".",".",903,903,903,"."
"SHARE","BFX00",".",".",".",".",".",9,9,9,"."
"SHARE","BMO00",5111,5116,5001,4803,4689,".",".",".",5055
"SHARE","ISC00",784,890,886,865,907,945,945,945,945
"SIRC","AWV00",3,4,4.7,4,6.8,7,7,7,8.5
"SIRC","AWW00",7,8,9,8,10.2,18,18,18,16
"SIRC","ISC00",4,4,4.5,5.5,8,9,9,8,6.5
"SSHRC","AQA00",38,39,40,59,63,64,64,64,53
"SSHRC","AQB00",38,38,40,50,51,52,52,52,45
"SSHRC","AQD00",4,4,2,3,2,2,2,2,2
"SSHRC","AQZ00",".",".",".",6,6,5,5,5,6
"SSHRC","BMS00",15,15,14,12,13,13,13,13,10
"SSHRC","ISC00",108,110,111,88,93,91,91,91,105
"SWC","AEW00",35,".",".",".",".",".",".",".","."
"SWC","AEX00",18,".",".",".",".",".",".",".","."
"SWC","CCA00",".",17,17,17,19,24,24,24,18
"SWC","CCB00",".",34,39,38,43,55,55,55,38
"SWC","ISC00",41,45,42,44,51,57,57,57,42
"TBC","BJV00",0,0,0,0,0,".",".",".",0
"TBC","BKG00",412,360,385,".",".",".",".",".","."
"TBC","BKH00",437,405,404,".",".",".",".",".","."
"TBC","BKI00",242,258,231,".",".",".",".",".","."
"TBC","BKJ00",180,195,215,".",".",".",".",".","."
"TBC","BXA01",".",".",".",".",".",217,217,217,"."
"TBC","BXA02",".",".",".",".",".",96,96,96,"."
"TBC","BXA03",".",".",".",".",".",37,37,37,"."
"TBC","BXA04",".",".",".",".",".",0,0,0,"."
"TBC","BXB01",".",".",".",".",".",196,196,196,"."
"TBC","BXB02",".",".",".",".",".",96,85,83,"."
"TBC","BXB03",".",".",".",".",".",126,126,126,"."
"TBC","BXB04",".",".",".",".",".",19,19,19,"."
"TBC","BXC01",".",".",".",".",".",154,154,154,"."
"TBC","BXC02",".",".",".",".",".",98,100,98,"."
"TBC","BXC03",".",".",".",".",".",0,0,0,"."
"TBC","BXC04",".",".",".",".",".",196,180,180,"."
"TBC","BXD01",".",".",".",".",".",33,33,33,"."
"TBC","BXD02",".",".",".",".",".",0,0,0,"."
"TBC","DAC00",".",".",".",332,337,".",".",".",343
"TBC","DAD00",".",".",".",466,506,".",".",".",498
"TBC","DAE00",".",".",".",428,498,".",".",".",383
"TBC","ISC00",642,616,599,580.757,581,".",".",".",578
"TBC","ISS01",".",".",".",".",".",92,93,92,"."
"TBC","ISS02",".",".",".",".",".",96,96,96,"."
"TBC","ISS03",".",".",".",".",".",25,25,25,"."
"TBC","ISS04",".",".",".",".",".",111,111,111,"."
"TBC","ISS05",".",".",".",".",".",111,111,111,"."
"TBC","ISS06",".",".",".",".",".",26,26,26,"."
"TBC","ISS07",".",".",".",".",".",113,113,113,"."
"TBC","ISS08",".",".",".",".",".",12,10,9,"."
"TBC","ISS09",".",".",".",".",".",12,12,12,"."
"TBC","ISS0Z",".",".",".",".",".",9,9,9,"."
"TC","BAY00",75,93,157,173,158,163,163,160,158
"TC","BAZ00",79,80,47,33,14,15,3,3,19
"TC","BBC00",236,226,240,251,222,213,211,209,217
"TC","BBD00",22,53,".",".",".",".",".",".","."
"TC","BBH00",87,75,64,64,62,90,17,17,15
"TC","BBI00",27,52,71,96,78,60,59,59,82
"TC","BBN00",101,121,127,123,108,140,126,123,115
"TC","BBO00",1622,1502,1487,1568,1470,1733,1733,1733,1732
"TC","BBU00",575,539,579,608,554,558,553,553,553
"TC","BCK00",176,175,190,212,190,270,271,209,208
"TC","BCN00",84,76,78,81,79,132,107,107,109
"TC","BCO00",114,107,172,228,246,286,289,147,146
"TC","BCQ00",292,273,265,269,249,287,287,287,287
"TC","BCR00",120,102,112,111,100,116,116,116,116
"TC","BCT00",32,31,37,43,41,57,57,40,40
"TC","CHA00",".",98,162,177,159,125,125,118,118
"TC","ISC00",1315,1098,1188,1226,1085,1189,1173,1139,1156.85
"VAC","BBX00",1693,1536.3,1473.2,1599,1097.5,1195,1155,1162,984
"VAC","BCJ00",44,35,33.4,33.8,32,38,38,38,38
"VAC","BCX00",123,90.2,90.2,83.7,91,90,92,92,94
"VAC","BNC00",780,691.8,632,645.3,715.6,773,748,752,727
"VAC","BND00",52,46.1,42.1,49.9,74.1,89,86,87,60
"VAC","ISC00",680,685.6,635.6,597.7666,626,656,652,652,706
"VRAB","LJQ00",107,104,95,97,92,101,101,101,102
"WDO","BCC00",53,".",".",".",".",".",".",".","."
"WDO","BCE00",43,50,35,38,48,36,25,22,38
"WDO","BCH00",36,".",".",".",".",".",".",".","."
"WDO","BCW00",61,68,58,56,58,59,60,60,55
"WDO","CJA00",".",96,107,99,94,103,113,116,103
"WDO","ISC00",175,117,95,94,92,85,85,85,91

